	1	2	3	4	5	6	7	8	9	10	11	12	13	14	15	16	17	18
	19	29	30	39	41	42	50	55	61	65	66	75	80	104	108	110	116	124
	21.84	4.28	0.9	44.37	3.32	2.34	5.88	3.75	18.83	38.55	10.57	6.36	22.16	1.6	31.79	0.15	0.4	35.64
RefSols	0.0258177150519925 0.00528138472439191 0.00116057622537144 0.056660958859885 0.00413450566901716 0.00297853719813385 0.00686745697800398 0.00388087036148781 0.0174423693654097 0.0505685172124859 0.0119043094621879 0.00734533834961132 0.0238455537806563 0.00217948286259156 0.0369642144694301 0.000174033475436772 0.000399720165942255 0.0356548837105575
Ref: 19
Predictions	0.0331370677 0.0048924154 0.0820906542 0.0237237750 0.0084382237 0.0017431537 0.0134491931 0.0355746412 0.1441380032 0.0340523764 0.0151408601 0.0724459916 0.0054228255 0.0718168439 0.0009117258 0.0001103601 0.0198732534
LogPredictions	-3.40710275309524 -5.32006915061667 -2.49993110335173 -3.7412775691174 -4.77498345460983 -6.35205933503538 -4.30883616729897 -3.33612222079145 -1.93698408278008 -3.37985545733881 -4.19035822281102 -2.62491393817803 -5.21713828940232 -2.63363623573347 -7.00017127099133 -9.11176190249019 -3.91838050154863
Expt	0.00528138472439191 0.00116057622537144 0.056660958859885 0.00413450566901716 0.00297853719813385 0.00686745697800398 0.00388087036148781 0.0174423693654097 0.0505685172124859 0.0119043094621879 0.00734533834961132 0.0238455537806563 0.00217948286259156 0.0369642144694301 0.000174033475436772 0.000399720165942255 0.0356548837105575
LogExpt	-5.24356695724013 -6.75883865119146 -2.87066986167522 -5.4883875056536 -5.81632297209192 -4.98096140459343 -5.55169583053183 -4.04885301162083 -2.98442608580548 -4.43085480474174 -4.91368940511961 -3.7361575033181 -6.12866764931671 -3.29780501085679 -8.65626288968621 -7.82474584082453 -3.3338691510257
PredvsObs	-1.83646420414489 -1.43876950057479 -0.370738758323488 -1.7471099365362 -1.04133951748208 1.37109793044195 -1.24285966323286 -0.712730790829383 -1.0474420030254 -1.05099934740293 -0.72333118230859 -1.11124356514006 -0.911529359914395 -0.664168775123315 -1.65609161869488 1.28701606166566 0.584511350522931

Ref: 29
Predictions	0.0025229321 0.0006440237 0.0115432772 0.0030135618 0.0011508029 0.0002015755 0.0017829488 0.0042914571 0.0221614673 0.0045262978 0.0019006435 0.0100016183 0.0006246498 0.0086758966 0.0000975528 0.0000139217 0.0025114535
LogPredictions	-5.98233352209123 -7.34777503129483 -4.46165207208343 -5.80463257753617 -6.76729540630396 -8.50934655692994 -6.32948665616122 -5.45112895336068 -3.80940020539618 -5.39785093632157 -6.26556276593977 -4.60500836908115 -7.37831938526579 -4.74720660402306 -9.23511678807797 -11.182061784078 -5.98689360977735
Expt	0.0258177150519925 0.00116057622537144 0.056660958859885 0.00413450566901716 0.00297853719813385 0.00686745697800398 0.00388087036148781 0.0174423693654097 0.0505685172124859 0.0119043094621879 0.00734533834961132 0.0238455537806563 0.00217948286259156 0.0369642144694301 0.000174033475436772 0.000399720165942255 0.0356548837105575
LogExpt	-3.65669439275485 -6.75883865119146 -2.87066986167522 -5.4883875056536 -5.81632297209192 -4.98096140459343 -5.55169583053183 -4.04885301162083 -2.98442608580548 -4.43085480474174 -4.91368940511961 -3.7361575033181 -6.12866764931671 -3.29780501085679 -8.65626288968621 -7.82474584082453 -3.3338691510257
PredvsObs	2.32563912933638 0.588936380103378 1.59098221040821 0.316245071882573 0.950972434212044 3.52838515233651 0.777790825629388 1.40227594173985 0.824974119590704 0.966996131579831 1.35187336082016 0.868850865763058 1.24965173594908 1.44940159316627 0.578853898391765 3.35731594325351 2.65302445875165

Ref: 30
Predictions	0.0034317265 0.0057919725 0.0154021597 0.0040379162 0.0015266300 0.0002724908 0.0023761945 0.0057668237 0.0294137490 0.0060445564 0.0025502579 0.0133140434 0.0008446479 0.0117549816 0.0001340032 0.0000186821 0.0033700896
LogPredictions	-5.67469179167412 -5.15128237183817 -4.17324753913556 -5.51202651215478 -6.48469258727983 -8.2079057058988 -6.04225502056275 -5.1556338353034 -3.52629306089189 -5.10859718056917 -5.97156078767093 -4.31893590608233 -7.07659070383553 -4.44347816228269 -8.91764687770148 -10.887944711782 -5.69281594743422
Expt	0.0258177150519925 0.00528138472439191 0.056660958859885 0.00413450566901716 0.00297853719813385 0.00686745697800398 0.00388087036148781 0.0174423693654097 0.0505685172124859 0.0119043094621879 0.00734533834961132 0.0238455537806563 0.00217948286259156 0.0369642144694301 0.000174033475436772 0.000399720165942255 0.0356548837105575
LogExpt	-3.65669439275485 -5.24356695724013 -2.87066986167522 -5.4883875056536 -5.81632297209192 -4.98096140459343 -5.55169583053183 -4.04885301162083 -2.98442608580548 -4.43085480474174 -4.91368940511961 -3.7361575033181 -6.12866764931671 -3.29780501085679 -8.65626288968621 -7.82474584082453 -3.3338691510257
PredvsObs	2.01799739891927 -0.0922845854019627 1.30257767746034 0.0236390065011785 0.668369615187911 3.22694430130537 0.490559190030915 1.10678082368257 0.541866975086413 0.677742375827426 1.05787138255132 0.582778402764239 0.94792305451882 1.14567315142591 0.261383988015279 3.06319887095745 2.35894679640852

Ref: 39
Predictions	0.0129104461 0.0197653583 0.0029232234 0.0140166276 0.0050726557 0.0009981729 0.0080417138 0.0205124777 0.0928549672 0.0204969733 0.0089139403 0.0442208260 0.0031008502 0.0424623465 0.0005162471 0.0000651947 0.0117527233
LogPredictions	-4.34971852011175 -3.92382445439375 -5.83506836744646 -4.26751096839332 -5.28389079181178 -6.90958405016526 -4.82311305930248 -3.88672190970851 -2.3767164955761 -3.88747804764065 -4.72013890181024 -3.11855942439667 -5.77607894702839 -3.15913756045634 -7.56892503113822 -9.6381323806793 -4.44367029503377
Expt	0.0258177150519925 0.00528138472439191 0.00116057622537144 0.00413450566901716 0.00297853719813385 0.00686745697800398 0.00388087036148781 0.0174423693654097 0.0505685172124859 0.0119043094621879 0.00734533834961132 0.0238455537806563 0.00217948286259156 0.0369642144694301 0.000174033475436772 0.000399720165942255 0.0356548837105575
LogExpt	-3.65669439275485 -5.24356695724013 -6.75883865119146 -5.4883875056536 -5.81632297209192 -4.98096140459343 -5.55169583053183 -4.04885301162083 -2.98442608580548 -4.43085480474174 -4.91368940511961 -3.7361575033181 -6.12866764931671 -3.29780501085679 -8.65626288968621 -7.82474584082453 -3.3338691510257
PredvsObs	0.693024127356901 -1.31974250284638 -0.923770283744993 -1.22087653726028 -0.53243218028014 1.92862264557183 -0.728582771229355 -0.162131101912323 -0.607709590229373 -0.543376757101093 -0.193550503309366 -0.617598078921421 -0.352588702288323 -0.138667450400448 -1.08733785854798 1.81338653985477 1.10980114400807

Ref: 41
Predictions	0.0028894806 0.0049275182 0.0007316670 0.0131135672 0.0013037886 0.0002302357 0.0020240987 0.0048892142 0.0251218295 0.0051432777 0.0021640940 0.0113497338 0.0007135472 0.0099208041 0.0001122328 0.0000158523 0.0028596867
LogPredictions	-5.84667851619333 -5.31291982538765 -7.22018506554235 -4.33410792058298 -6.6424809451844 -8.37640699116362 -6.20263076392375 -5.32072368370475 -3.68401810962013 -5.27006471792473 -6.13575348086367 -4.47856098907426 -7.24526197046734 -4.61312130250267 -9.0949352724814 -11.0521959577584 -5.85704320560546
Expt	0.0258177150519925 0.00528138472439191 0.00116057622537144 0.056660958859885 0.00297853719813385 0.00686745697800398 0.00388087036148781 0.0174423693654097 0.0505685172124859 0.0119043094621879 0.00734533834961132 0.0238455537806563 0.00217948286259156 0.0369642144694301 0.000174033475436772 0.000399720165942255 0.0356548837105575
LogExpt	-3.65669439275485 -5.24356695724013 -6.75883865119146 -2.87066986167522 -5.81632297209192 -4.98096140459343 -5.55169583053183 -4.04885301162083 -2.98442608580548 -4.43085480474174 -4.91368940511961 -3.7361575033181 -6.12866764931671 -3.29780501085679 -8.65626288968621 -7.82474584082453 -3.3338691510257
PredvsObs	2.18998412343848 0.0693528681475168 0.461346414350895 1.46343805890776 0.826157973092488 3.39544558657019 0.650934933391917 1.27187067208392 0.699592023814655 0.839209913182993 1.22206407574406 0.742403485756167 1.11659432115063 1.31531629164589 0.438672382795191 3.22745011693386 2.52317405457976

Ref: 42
Predictions	0.0054302812 0.0088918109 0.0013184114 0.0235341128 0.0062312701 0.0004271401 0.0036363435 0.0089496461 0.0444521232 0.0092711149 0.0039442602 0.0203035310 0.0013247785 0.0184401998 0.0002145377 0.0000288939 0.0052116695
LogPredictions	-5.21576436000515 -4.72262454941311 -6.63132775200179 -3.74930430188653 -5.0781750985823 -7.75839849550519 -5.6167766351819 -4.71614128937662 -3.11334255213374 -4.68085163694903 -5.53549387078708 -3.89696046717366 -6.6265100033297 -3.99322222577139 -8.447025077464 -10.4518800577892 -5.25685503308853
Expt	0.0258177150519925 0.00528138472439191 0.00116057622537144 0.056660958859885 0.00413450566901716 0.00686745697800398 0.00388087036148781 0.0174423693654097 0.0505685172124859 0.0119043094621879 0.00734533834961132 0.0238455537806563 0.00217948286259156 0.0369642144694301 0.000174033475436772 0.000399720165942255 0.0356548837105575
LogExpt	-3.65669439275485 -5.24356695724013 -6.75883865119146 -2.87066986167522 -5.4883875056536 -4.98096140459343 -5.55169583053183 -4.04885301162083 -2.98442608580548 -4.43085480474174 -4.91368940511961 -3.7361575033181 -6.12866764931671 -3.29780501085679 -8.65626288968621 -7.82474584082453 -3.3338691510257
PredvsObs	1.5590699672503 -0.520942407827023 -0.127510899189665 0.878634440211315 -0.410212407071304 2.77743709091176 0.065080804650071 0.667288277755786 0.128916466328261 0.249996832207288 0.621804465667472 0.160802963855563 0.497842354012992 0.695417214914603 -0.209237812222208 2.62713421696469 1.92298588206283

Ref: 50
Predictions	0.0725290033 0.0946272742 0.0140306957 0.1964340520 0.0696394603 0.0242718802 0.0385291597 0.1204724087 0.3063748200 0.0923781818 0.0448726548 0.1860039879 0.0173737195 0.1880548369 0.0029228387 0.0003215986 0.0573085163
LogPredictions	-2.62376875160114 -2.35780953369563 -4.266507799497 -1.6274285172351 -2.66442391396858 -3.71843679211655 -3.25633992956191 -2.11633452571383 -1.18294602464933 -2.38186445592266 -3.10392669426357 -1.6819871651762 -4.05279658808883 -1.67102167304588 -5.8351999774068 -8.04220637390277 -2.85930603977822
Expt	0.0258177150519925 0.00528138472439191 0.00116057622537144 0.056660958859885 0.00413450566901716 0.00297853719813385 0.00388087036148781 0.0174423693654097 0.0505685172124859 0.0119043094621879 0.00734533834961132 0.0238455537806563 0.00217948286259156 0.0369642144694301 0.000174033475436772 0.000399720165942255 0.0356548837105575
LogExpt	-3.65669439275485 -5.24356695724013 -6.75883865119146 -2.87066986167522 -5.4883875056536 -5.81632297209192 -5.55169583053183 -4.04885301162083 -2.98442608580548 -4.43085480474174 -4.91368940511961 -3.7361575033181 -6.12866764931671 -3.29780501085679 -8.65626288968621 -7.82474584082453 -3.3338691510257
PredvsObs	-1.03292564115371 -2.8857574235445 -2.49233085169446 -1.24324134444012 -2.82396359168502 -2.09788617997536 -2.29535590096993 -1.932518485907 -1.80148006115614 -2.04899034881908 -1.80976271085604 -2.0541703381419 -2.07587106122788 -1.62678333781091 -2.82106291227941 0.217460533078237 -0.47456311124748

Ref: 55
Predictions	0.0046378844 0.0076770487 0.0011387077 0.0203623566 0.0053699531 0.0020101539 0.0003659969 0.0076959504 0.0386254012 0.0080077906 0.0033964135 0.0175742748 0.0011348949 0.0158035634 0.0001825718 0.0000248816 0.0044881464
LogPredictions	-5.37349696499586 -4.86952008953268 -6.77786125607345 -3.89406734743605 -5.22693610420528 -6.20954399267809 -7.91288569454413 -4.86706101054595 -3.25384515676316 -4.82734038616225 -5.68503525705012 -4.04131910529465 -6.78121523145528 -4.14751983273209 -8.60836703765538 -10.6013819834793 -5.40631549097292
Expt	0.0258177150519925 0.00528138472439191 0.00116057622537144 0.056660958859885 0.00413450566901716 0.00297853719813385 0.00686745697800398 0.0174423693654097 0.0505685172124859 0.0119043094621879 0.00734533834961132 0.0238455537806563 0.00217948286259156 0.0369642144694301 0.000174033475436772 0.000399720165942255 0.0356548837105575
LogExpt	-3.65669439275485 -5.24356695724013 -6.75883865119146 -2.87066986167522 -5.4883875056536 -5.81632297209192 -4.98096140459343 -4.04885301162083 -2.98442608580548 -4.43085480474174 -4.91368940511961 -3.7361575033181 -6.12866764931671 -3.29780501085679 -8.65626288968621 -7.82474584082453 -3.3338691510257
PredvsObs	1.71680257224101 -0.374046867707448 0.0190226048819939 1.02339748576083 -0.261451401448325 0.393221020586173 2.9319242899507 0.818207998925116 0.269419070957679 0.396485581420513 0.771345851930513 0.305161601976556 0.652547582138566 0.849714821875296 -0.0478958520308232 2.77663614265481 2.07244633994722

Ref: 61
Predictions	0.0097401107 0.0152625884 0.0022592876 0.0398113464 0.0107783589 0.0039365862 0.0007571393 0.0062192291 0.0736097581 0.0158680358 0.0068435287 0.0344249275 0.0023506531 0.0324692486 0.0003884685 0.0000500960 0.0090332834
LogPredictions	-4.6315027958892 -4.1823506475883 -6.09270573662954 -3.22360332189374 -4.53021496071183 -5.53744137795471 -7.18596330560362 -5.08010931881886 -2.6089776791552 -4.14344852021967 -4.98445178856124 -3.36897434039723 -6.05306207454364 -3.4274618344964 -7.8532984725249 -9.90156939338022 -4.70683936745515
Expt	0.0258177150519925 0.00528138472439191 0.00116057622537144 0.056660958859885 0.00413450566901716 0.00297853719813385 0.00686745697800398 0.00388087036148781 0.0505685172124859 0.0119043094621879 0.00734533834961132 0.0238455537806563 0.00217948286259156 0.0369642144694301 0.000174033475436772 0.000399720165942255 0.0356548837105575
LogExpt	-3.65669439275485 -5.24356695724013 -6.75883865119146 -2.87066986167522 -5.4883875056536 -5.81632297209192 -4.98096140459343 -5.55169583053183 -2.98442608580548 -4.43085480474174 -4.91368940511961 -3.7361575033181 -6.12866764931671 -3.29780501085679 -8.65626288968621 -7.82474584082453 -3.3338691510257
PredvsObs	0.974808403134349 -1.06121630965184 -0.666132914561917 0.352933460218519 -0.958172544941776 -0.278881594137208 2.20500190101019 -0.47158651171297 -0.375448406650272 -0.287406284522074 0.070762383441636 -0.367183162920863 -0.0756055747730677 0.129656823639616 -0.802964417161304 2.07682355255569 1.37297021642945

Ref: 65
Predictions	0.0054821594 0.0089707675 0.0013300886 0.0237395598 0.0062873263 0.0023405144 0.0004311365 0.0036684027 0.0090314100 0.0093531745 0.0039799324 0.0204805035 0.0013371920 0.0186121885 0.0002166313 0.0000291551 0.0052587683
LogPredictions	-5.20625620454507 -4.713784043584 -6.6225097224259 -3.74061243251676 -5.06921937018044 -6.05738454471157 -7.74908581266465 -5.60799894326405 -4.70704677756339 -4.6720394745884 -5.52649044475466 -3.8882818941521 -6.61718338608654 -3.98393861717653 -8.43731372783552 -10.4428807033526 -5.24785844315117
Expt	0.0258177150519925 0.00528138472439191 0.00116057622537144 0.056660958859885 0.00413450566901716 0.00297853719813385 0.00686745697800398 0.00388087036148781 0.0174423693654097 0.0119043094621879 0.00734533834961132 0.0238455537806563 0.00217948286259156 0.0369642144694301 0.000174033475436772 0.000399720165942255 0.0356548837105575
LogExpt	-3.65669439275485 -5.24356695724013 -6.75883865119146 -2.87066986167522 -5.4883875056536 -5.81632297209192 -4.98096140459343 -5.55169583053183 -4.04885301162083 -4.43085480474174 -4.91368940511961 -3.7361575033181 -6.12866764931671 -3.29780501085679 -8.65626288968621 -7.82474584082453 -3.3338691510257
PredvsObs	1.54956181179021 -0.529782913656134 -0.13632892876555 0.86994257084154 -0.419168135473165 0.24106157261965 2.76812440807122 0.0563031127322215 0.658193765942558 0.24118466984666 0.61280103963505 0.152124390834003 0.48851573676983 0.686133606319743 -0.218949161850682 2.6181348625281 1.91398929212547

Ref: 66
Predictions	0.0058869340 0.0095845493 0.0014208486 0.0253336025 0.0067233748 0.0024969113 0.0004622918 0.0039175677 0.0096681495 0.0477363021 0.0042574869 0.0218544949 0.0014339748 0.0199514366 0.0002329679 0.0000311873 0.0056251733
LogPredictions	-5.13501996014205 -4.64760292497765 -6.5565009802303 -3.67562360242036 -5.00216504812754 -5.9927007909426 -7.67931426452736 -5.54228430245394 -4.6389183528761 -3.04206312022532 -5.45907622235524 -3.82334866235008 -6.54730511018088 -3.9144541282138 -8.36460988212983 -10.3754995972988 -5.18050352247735
Expt	0.0258177150519925 0.00528138472439191 0.00116057622537144 0.056660958859885 0.00413450566901716 0.00297853719813385 0.00686745697800398 0.00388087036148781 0.0174423693654097 0.0505685172124859 0.00734533834961132 0.0238455537806563 0.00217948286259156 0.0369642144694301 0.000174033475436772 0.000399720165942255 0.0356548837105575
LogExpt	-3.65669439275485 -5.24356695724013 -6.75883865119146 -2.87066986167522 -5.4883875056536 -5.81632297209192 -4.98096140459343 -5.55169583053183 -4.04885301162083 -2.98442608580548 -4.91368940511961 -3.7361575033181 -6.12866764931671 -3.29780501085679 -8.65626288968621 -7.82474584082453 -3.3338691510257
PredvsObs	1.4783255673872 -0.595964032262478 -0.202337670961153 0.804953740745141 -0.486222457526063 0.176377818850681 2.69835285993393 -0.00941152807789525 0.590065341255268 0.0576370344198405 0.545386817235633 0.0871911590319887 0.418637460864166 0.616649117357011 -0.291653007556373 2.55075375647422 1.84663437145165

Ref: 75
Predictions	0.0085917427 0.0135976154 0.0020135966 0.0356176352 0.0095857017 0.0035154934 0.0006695361 0.0055448224 0.0138796945 0.0662133080 0.0141490193 0.0307645487 0.0020781664 0.0287818138 0.0003421385 0.0000445337 0.0080309810
LogPredictions	-4.75695368812586 -4.29786083984897 -6.20783280266267 -3.33491439299324 -4.6474826970264 -5.65057539372691 -7.30892547345028 -5.19489068754757 -4.27732833423216 -2.7148738090521 -4.25810996471526 -3.4813922681643 -6.17626931251398 -3.54801155657618 -7.98029493211996 -10.0192643520308 -4.82444859161101
Expt	0.0258177150519925 0.00528138472439191 0.00116057622537144 0.056660958859885 0.00413450566901716 0.00297853719813385 0.00686745697800398 0.00388087036148781 0.0174423693654097 0.0505685172124859 0.0119043094621879 0.0238455537806563 0.00217948286259156 0.0369642144694301 0.000174033475436772 0.000399720165942255 0.0356548837105575
LogExpt	-3.65669439275485 -5.24356695724013 -6.75883865119146 -2.87066986167522 -5.4883875056536 -5.81632297209192 -4.98096140459343 -5.55169583053183 -4.04885301162083 -2.98442608580548 -4.43085480474174 -3.7361575033181 -6.12866764931671 -3.29780501085679 -8.65626288968621 -7.82474584082453 -3.3338691510257
PredvsObs	1.10025929537101 -0.945706117391163 -0.551005848528785 0.464244531318019 -0.840904808627202 -0.16574757836501 2.32796406885685 -0.356805142984267 0.22847532261133 -0.269552276753377 -0.172744840026485 -0.254765235153793 0.0476016631972698 0.250206545719396 -0.675967957566244 2.19451851120627 1.49057944058531

Ref: 80
Predictions	0.0056650518 0.0092485921 0.0013711745 0.0244617620 0.0064846384 0.0024113311 0.0004452194 0.0037811970 0.0093193778 0.0461470916 0.0096418634 0.0041055113 0.0013809380 0.0192179045 0.0002240125 0.0000300746 0.0054245597
LogPredictions	-5.17343924067813 -4.68328394444763 -6.59208760714316 -3.71064411534047 -5.03831922221322 -6.02757636030269 -7.71694336359135 -5.57771465281228 -4.67565941216981 -3.0759213406042 -4.64164089028429 -5.49542498841391 -6.58499230056641 -3.95191290843902 -8.40380870409477 -10.4118295962751 -5.21681854413969
Expt	0.0258177150519925 0.00528138472439191 0.00116057622537144 0.056660958859885 0.00413450566901716 0.00297853719813385 0.00686745697800398 0.00388087036148781 0.0174423693654097 0.0505685172124859 0.0119043094621879 0.00734533834961132 0.00217948286259156 0.0369642144694301 0.000174033475436772 0.000399720165942255 0.0356548837105575
LogExpt	-3.65669439275485 -5.24356695724013 -6.75883865119146 -2.87066986167522 -5.4883875056536 -5.81632297209192 -4.98096140459343 -5.55169583053183 -4.04885301162083 -2.98442608580548 -4.43085480474174 -4.91368940511961 -6.12866764931671 -3.29780501085679 -8.65626288968621 -7.82474584082453 -3.3338691510257
PredvsObs	1.51674484792328 -0.560283012792506 -0.166751044048298 0.839974253665252 -0.450068283440383 0.211253388210772 2.73598195899792 0.0260188222804487 0.626806400548985 0.091495254798728 0.210786085542552 0.5817355832943 0.456324651249703 0.654107897582234 -0.252454185591439 2.58708375545057 1.88294939311399

Ref: 104
Predictions	0.0073399190 0.0117578543 0.0017419713 0.0309333746 0.0082711880 0.0030492768 0.0005738019 0.0047991702 0.0119386422 0.0578579793 0.0122452261 0.0052436060 0.0266953752 0.0247205320 0.0002916216 0.0000384034 0.0069260777
LogPredictions	-4.91442747183895 -4.44323381064204 -6.35273787600327 -3.47591959380726 -4.79497712851014 -5.79285083123306 -7.46322634316421 -5.3393122510129 -4.4279748960771 -2.84976390399838 -4.40261912406902 -5.25074584938923 -3.62326494206227 -3.70012112558862 -8.14005348649905 -10.1673645606235 -4.97246161446824
Expt	0.0258177150519925 0.00528138472439191 0.00116057622537144 0.056660958859885 0.00413450566901716 0.00297853719813385 0.00686745697800398 0.00388087036148781 0.0174423693654097 0.0505685172124859 0.0119043094621879 0.00734533834961132 0.0238455537806563 0.0369642144694301 0.000174033475436772 0.000399720165942255 0.0356548837105575
LogExpt	-3.65669439275485 -5.24356695724013 -6.75883865119146 -2.87066986167522 -5.4883875056536 -5.81632297209192 -4.98096140459343 -5.55169583053183 -4.04885301162083 -2.98442608580548 -4.43085480474174 -4.91368940511961 -3.7361575033181 -3.29780501085679 -8.65626288968621 -7.82474584082453 -3.3338691510257
PredvsObs	1.2577330790841 -0.800333146598092 -0.406100775188181 0.605249732132038 -0.693410377143464 -0.0234721408588525 2.48226493857078 -0.212383579518935 0.379121884456266 -0.134662181807101 -0.0282356806727257 0.337056444269625 -0.112892561255828 0.402316114731834 -0.51620940318716 2.34261871979898 1.63859246344254

Ref: 108
Predictions	0.0098185684 0.0153756157 0.0022759623 0.0400944544 0.0108594214 0.0039651481 0.0007631178 0.0062649995 0.0157719597 0.0741062690 0.0159845923 0.0068953055 0.0346726583 0.0023692525 0.0003916340 0.0000504740 0.0091013976
LogPredictions	-4.62347995135735 -4.1749724205629 -6.08535232700287 -3.21651724849749 -4.52272224398039 -5.53021207276439 -7.17809814803325 -5.07277677044257 -4.14952161813107 -2.6022551483693 -4.13613000195668 -4.97691446124924 -3.3618038478663 -6.04518077442829 -7.84518282778777 -9.89405220574964 -4.69932729483432
Expt	0.0258177150519925 0.00528138472439191 0.00116057622537144 0.056660958859885 0.00413450566901716 0.00297853719813385 0.00686745697800398 0.00388087036148781 0.0174423693654097 0.0505685172124859 0.0119043094621879 0.00734533834961132 0.0238455537806563 0.00217948286259156 0.000174033475436772 0.000399720165942255 0.0356548837105575
LogExpt	-3.65669439275485 -5.24356695724013 -6.75883865119146 -2.87066986167522 -5.4883875056536 -5.81632297209192 -4.98096140459343 -5.55169583053183 -4.04885301162083 -2.98442608580548 -4.43085480474174 -4.91368940511961 -3.7361575033181 -6.12866764931671 -8.65626288968621 -7.82474584082453 -3.3338691510257
PredvsObs	0.966785558602501 -1.06859453667723 -0.673486324188588 0.345847386822267 -0.965665261673212 -0.286110899327527 2.19713674343982 -0.478919060089264 0.100668606510236 -0.382170937436182 -0.294724802785058 0.0632250561296299 -0.374353655451797 -0.0834868748884245 -0.811080061898434 2.06930636492511 1.36545814380862

Ref: 110
Predictions	0.0030122497 0.0051242895 0.0007608158 0.0136352043 0.0035676241 0.0013545859 0.0002398166 0.0021042780 0.0050885715 0.0261024333 0.0053484791 0.0022518807 0.0117974723 0.0007432698 0.0103368525 0.0000164956 0.0029757215
LogPredictions	-5.80506807075422 -5.27376339771461 -7.1811192793357 -4.29510027929849 -5.63585542295342 -6.60425948021446 -8.33563609341313 -6.16378286355741 -5.28075813613888 -3.64572673911407 -5.23094303886338 -6.09598954524114 -4.43986998232156 -7.20445145668308 -4.5720398566279 -11.0124168792863 -5.81726874837961
Expt	0.0258177150519925 0.00528138472439191 0.00116057622537144 0.056660958859885 0.00413450566901716 0.00297853719813385 0.00686745697800398 0.00388087036148781 0.0174423693654097 0.0505685172124859 0.0119043094621879 0.00734533834961132 0.0238455537806563 0.00217948286259156 0.0369642144694301 0.000399720165942255 0.0356548837105575
LogExpt	-3.65669439275485 -5.24356695724013 -6.75883865119146 -2.87066986167522 -5.4883875056536 -5.81632297209192 -4.98096140459343 -5.55169583053183 -4.04885301162083 -2.98442608580548 -4.43085480474174 -4.91368940511961 -3.7361575033181 -6.12866764931671 -3.29780501085679 -7.82474584082453 -3.3338691510257
PredvsObs	2.14837367799937 0.0301964404744748 0.422280628144243 1.42443041762327 0.147467917299818 0.787936508122549 3.3546746888197 0.612087033025579 1.23190512451805 0.661300653308591 0.800088234121638 1.18230014012153 0.703712479003468 1.07578380736637 1.27423484577111 3.18767103846175 2.48339959735391

Ref: 116
Predictions	0.1062916487 0.1341154507 0.0201311718 0.2527835867 0.1001650034 0.0351431938 0.0083437553 0.0551058461 0.1926920783 0.3752145124 0.1267231872 0.0648635939 0.2460135615 0.0260309922 0.2461658684 0.0043612278 0.0813055940
LogPredictions	-2.24156856022004 -2.00905427758361 -3.90548582940023 -1.3752215448457 -2.30093641880453 -3.34832431247618 -4.78624188817582 -2.89849946863294 -1.6466618133845 -0.980257383493607 -2.06575019971716 -2.73546876952396 -1.40236861652049 -3.64846744314545 -1.40174970847351 -5.43500165575999 -2.50954045790739
Expt	0.0258177150519925 0.00528138472439191 0.00116057622537144 0.056660958859885 0.00413450566901716 0.00297853719813385 0.00686745697800398 0.00388087036148781 0.0174423693654097 0.0505685172124859 0.0119043094621879 0.00734533834961132 0.0238455537806563 0.00217948286259156 0.0369642144694301 0.000174033475436772 0.0356548837105575
LogExpt	-3.65669439275485 -5.24356695724013 -6.75883865119146 -2.87066986167522 -5.4883875056536 -5.81632297209192 -4.98096140459343 -5.55169583053183 -4.04885301162083 -2.98442608580548 -4.43085480474174 -4.91368940511961 -3.7361575033181 -6.12866764931671 -3.29780501085679 -8.65626288968621 -3.3338691510257
PredvsObs	-1.41512583253481 -3.23451267965652 -2.85335282179123 -1.49544831682952 -3.18745108684907 -2.46799865961574 -0.194719516417607 -2.65319636189889 -2.40219119823633 -2.00416870231187 -2.36510460502458 -2.17822063559565 -2.33378888679761 -2.48020020617126 -1.89605530238328 -3.22126123392621 -0.824328693118312

Ref: 124
Predictions	0.0376153129 0.0522304992 0.0077062586 0.1221413945 0.0377723222 0.0132647801 0.0028667343 0.0211811891 0.0588913896 0.2050891112 0.0528684995 0.0241942283 0.1105356408 0.0089304897 0.1115965489 0.0015063803 0.0001753747
LogPredictions	-3.28034405351459 -2.95208867885416 -4.86572247507495 -2.10257593402619 -3.27617866148956 -4.32264286898932 -5.85458177164584 -3.85464179779747 -2.83206038576814 -1.58431070551304 -2.93994759007189 -3.72164117426514 -2.20241726885308 -4.71828404797128 -2.1928651533482 -6.49804565824269 -8.64858573016321
Expt	0.0258177150519925 0.00528138472439191 0.00116057622537144 0.056660958859885 0.00413450566901716 0.00297853719813385 0.00686745697800398 0.00388087036148781 0.0174423693654097 0.0505685172124859 0.0119043094621879 0.00734533834961132 0.0238455537806563 0.00217948286259156 0.0369642144694301 0.000174033475436772 0.000399720165942255
LogExpt	-3.65669439275485 -5.24356695724013 -6.75883865119146 -2.87066986167522 -5.4883875056536 -5.81632297209192 -4.98096140459343 -5.55169583053183 -4.04885301162083 -2.98442608580548 -4.43085480474174 -4.91368940511961 -3.7361575033181 -6.12866764931671 -3.29780501085679 -8.65626288968621 -7.82474584082453
PredvsObs	-0.376350339240265 -2.29147827838597 -1.8931161761165 -0.768093927649029 -2.21220884416404 -1.49368010310259 0.873620367052411 -1.69705403273437 -1.21679262585269 -1.40011538029244 -1.49090721466985 -1.19204823085446 -1.53374023446501 -1.41038360134543 -1.10493985750858 -2.15821723144352 0.82383988933868

